11111111111111111111111101111110
11111111111111111111111111001011
00000000000000000000000010110001
11111111111111111111111110001000
11111111111111111111111110000111
00000000000000000000000000011001
00000000000000000000000000000000
00000000000000000000000000000000
11111111111111111111111111111111
00000000000000000000000000000010
11111111111111111111111111111111
11111111111111111111111111111110
00000000000000000000000000000010
00000000000000000000000000000000
00000000000000000000000000000001
00000000000000000000000000000001
11111111111111111111111011101110
00000000000000000000001100110011
11111111111111111111111001111001
11111111111111111111010011000110
00000000000000000000000111101110
