11111111111111111111111101110010
11111111111111111111111101110001
00000000000000000000000011000110
11111111111111111111111111100000
00000000000000000000000000011110
11111111111111111111111100111010
11111111111111111111111101111010
11111111111111111111111111110100
00000000000000000000000011000110
00000000000000000000000010110010
11111111111111111111111110110011
00000000000000000000000001011111
11111111111111111111111111111111
11111111111111111111111111001010
00000000000000000000000000111011
00000000000000000000000000000110
11111111111111111111111111010001
00000000000000000000000000001111
11111111111111111111111110111111
00000000000000000000000000011110
11111111111111111111111111010011
00000000000000000000000000110110
