11111111111111111111111111010101
00000000000000000000000000000011
00000000000000000000000000010010
11111111111111111111111111100010
11111111111111111111111111010111
11111111111111111111111111011110
00000000000000000000000010100001
00000000000000000000000010111110
11111111111111111111111101011111
11111111111111111111111110101111
00000000000000000000000000110010
00000000000000000000110000011010
00000000000000000000000100000001
11111111111111100001111111010101
00000000000000000001111111011010
00000000000000000000110101000111
00000000000000000000000011110111
