11111111111111111111111101111111
00000000000000000000000000000011
00000000000000000000000000101001
00000000000000000000000000001110
00000000000000000000000000100111
00000000000000000000000010100100
00000000000000000000000010101011
11111111111111111111111111111010
11111111111111111111111110110000
00000000000000000000000001111010
00000000000000000000000000001001
00000000000000000000000010011011
11111111111111111111111111001101
11111111111111111111111111100110
00000000000000000000000010010011
00000000000000000001001110101011
00000000000000000000100110101000
11111111111110101111000111101111
11111111111110000101110010101101
11111111111111001000101111101011
11111111111111110101010110111001
11111111111110100101111111000010
00000000000000000011000111110000
